1,6,14662,5,1374.0000000000002,229,9199
2,6,6591,5,1541.9999999999995,257,2742
3,6,3731,5,1517.9999999999995,253,1174
4,6,13140,5,1553.9999999999998,259,7808
5,6,16749,5,1404.0000000000002,234,10640
6,6,3478,5,1398.0000000000002,233,928
7,6,30829,5,1530.0000000000002,255,22201
8,6,16153,5,1560.0,260,9227
9,6,3579,5,1506.0,251,909
10,6,18230,5,1584.0,264,11846
1,6,12763,10,1404.0,234,7450
2,6,9810,10,1374.0,229,5263
3,6,7704,10,1518.0,253,3072
4,6,24161,10,1590.0,265,15914
5,6,16749,10,1482.0000000000005,247,8428
6,6,6668,10,1350.0000000000005,225,2631
7,6,35564,10,1482.0000000000002,247,24220
8,6,16153,10,1440.0,240,8836
9,6,14334,10,1506.0000000000002,251,7142
10,6,18788,10,1481.9999999999998,247,10690
1,6,12763,15,1487.9999999999998,248,6949
2,6,16384,15,1373.9999999999998,229,9409
3,6,9349,15,1475.9999999999998,246,4120
4,6,7678,15,1458.0000000000002,243,3570
5,6,5166,15,1422.0,237,1088
6,6,15504,15,1463.9999999999998,244,9275
7,6,30115,15,1476.0,246,19733
8,6,16153,15,1410.0,235,8230
9,6,3695,15,1464.0,244,894
10,6,9063,15,1518.0000000000002,253,4045
1,6,14662,20,1422.0000000000002,237,8232
2,6,19914,20,1404.0,234,11667
3,6,9349,20,1482.0,247,4318
4,6,6345,20,1379.9999999999995,230,1619
5,6,5166,20,1434.0,239,926
6,6,4742,20,1392.0,232,1133
7,6,35564,20,1362.0,227,23189
8,6,10288,20,1506.0,251,4121
9,6,17739,20,1494.0000000000002,249,10830
10,6,18230,20,1607.9999999999998,268,10606
1,6,14662,25,1494.0000000000002,249,8609
2,6,17014,25,1427.9999999999995,238,7991
3,6,7704,25,1482.0000000000002,247,3055
4,6,13140,25,1428.0,238,5569
5,6,6082,25,1410.0,235,1176
6,6,15504,25,1434.0,239,7424
7,6,12244,25,1398.0000000000002,233,5713
8,6,26771,25,1686.0000000000002,281,16015
9,6,6595,25,1398.0000000000002,233,1219
10,6,10713,25,1494.0000000000002,249,4794
1,6,19412,30,1481.9999999999998,247,11089
2,6,16384,30,1398.0,233,7873
3,6,5007,30,1373.9999999999993,229,965
4,6,26628,30,1452.0000000000002,242,14567
5,6,12216,30,1529.9999999999995,255,5713
6,6,8514,30,1416.0000000000002,236,3022
7,6,5895,30,1397.9999999999998,233,989
8,6,9837,30,1386.0,231,3582
9,6,14334,30,1463.9999999999998,244,7034
10,6,8261,30,1487.9999999999995,248,2201
1,6,14662,35,1404.0000000000002,234,7589
2,6,9810,35,1470.0000000000002,245,2909
3,6,9237,35,1392.0,232,4115
4,6,13140,35,1608.0,268,5873
5,6,12216,35,1428.0000000000002,238,5150
6,6,15504,35,1428.0,238,7785
7,6,30115,35,1500.0000000000002,250,17655
8,6,16153,35,1608.0000000000002,268,7979
9,6,6863,35,1457.9999999999998,243,1273
10,6,6664,35,1494.0,249,1340
1,6,8187,40,1488.0000000000005,248,2960
2,6,17663,40,1608.0000000000002,268,6202
3,6,9349,40,1469.9999999999998,245,3037
4,6,13140,40,1494.0,249,4969
5,6,10954,40,1482.0,247,1785
6,6,15504,40,1445.9999999999998,241,6799
7,6,35564,40,1404.0,234,20131
8,6,9265,40,1416.0000000000002,236,1983
9,6,17739,40,1499.9999999999998,250,7246
10,6,7126,40,1410.0,235,1273
1,6,8191,45,1482.0,247,1280
2,6,9688,45,1416.0,236,1687
3,6,11020,45,1530.0000000000002,255,4070
4,6,6194,45,1391.9999999999995,232,1038
5,6,19948,45,1427.9999999999998,238,9602
6,6,8684,45,1391.9999999999998,232,2958
7,6,30829,45,1433.9999999999998,239,14452
8,6,16153,45,1446.0,241,6356
9,6,14334,45,1500.0000000000002,250,5372
10,6,18230,45,1619.9999999999995,270,7875
1,6,26988,50,1638.0000000000002,273,11253
2,6,19914,50,1500.0,250,7701
3,6,9349,50,1457.9999999999998,243,2094
4,6,14789,50,1536.0,256,5714
5,6,9262,50,1368.0000000000002,228,1386
6,6,8339,50,1464.0,244,1988
7,6,9586,50,1386.0000000000002,231,1936
8,6,16153,50,1488.0000000000002,248,6946
9,6,10265,50,1482.0,247,1589
10,6,18230,50,1577.9999999999998,263,7758
0,6,14018,100,1428.0000000000002,238,2891
0,6,19179,150,1439.9999999999998,240,2410
0,6,15281,200,1392.0000000000002,232,757
