1,5,5157,1154.9999999999998,231,2021
2,5,8075,1415.0,283,3690
3,5,33442,1315.5996388920173,264,25428
4,5,5408,1314.9999999999998,263,2037
5,5,4955,1258.4566091800293,252,2294
6,5,12266,1398.0322922994449,280,7866
7,5,7419,1339.9999999999998,268,4862
8,5,6548,1391.4420835246767,279,2370
9,5,36723,1447.639717156077,292,28201
10,5,8045,1313.0642642761475,263,4847
1,8,5157,1399.4485024962903,175,3012
2,8,3929,1240.0000000000002,155,2218
3,8,4630,1204.2185886242332,151,2676
4,8,4025,1330.76227923519,167,1375
5,8,4359,1302.8422517188733,163,2906
6,8,10620,1341.0635675082654,169,7317
7,8,6267,1290.5058159199834,163,3852
8,8,6548,1271.1658228831193,159,3944
9,8,3193,1176.5636512937226,148,1439
10,8,8045,1380.1874601353195,174,5555
1,11,1430,1161.6269805969707,106,411
2,11,2037,1353.0000000000002,123,1020
3,11,2372,1155.0,105,632
4,11,3907,1275.3540419474286,116,1820
5,11,2682,1297.9999999999998,118,804
6,11,4473,1198.3395235919565,110,2184
7,11,3678,1322.3738909095428,122,1768
8,11,2114,1254.0,114,732
9,11,6021,1421.7227234051002,131,2656
10,11,5098,1339.5641848979621,124,3225
1,14,1647,1278.666278705067,92,652
2,14,2037,1325.5099498267532,95,793
3,14,1100,1162.0,83,359
4,14,988,1258.3538031206074,91,373
5,14,1023,1302.4518328734684,94,449
6,14,2147,1329.4044585960444,95,907
7,14,1717,1288.0,92,487
8,14,3394,1543.9863671879018,111,1776
9,14,1876,1201.3805045313932,86,606
10,14,3977,1286.5893767610917,92,2399
1,17,1157,1438.7946192042261,86,494
2,17,1132,1334.622576230588,79,684
3,17,1097,1194.0802723831273,71,369
4,17,796,1101.5579115623582,65,308
5,17,979,1319.4641851256704,78,407
6,17,1625,1138.9999999999995,67,448
7,17,1016,1138.3000641332346,68,347
8,17,2114,1117.3750584720615,66,1130
9,17,1687,1224.0,72,452
10,17,1851,1362.7737595924773,82,992
1,20,1116,1326.661232810845,67,576
2,20,794,1226.352716641268,62,415
3,20,1097,1160.0,58,312
4,20,796,1200.0,60,295
5,20,821,1318.6723849240555,67,431
6,20,1020,1271.4850987074187,64,473
7,20,1697,1272.700108934288,64,479
8,20,1745,1243.62159671717,64,560
9,20,1084,1060.0,53,274
10,20,1851,1276.0364473986401,66,890
1,23,923,1475.6616683983466,65,348
2,23,794,1369.3536139877333,60,422
3,23,797,1216.090854228764,53,356
4,23,730,1154.4876877855895,51,270
5,23,821,1293.721291207975,57,407
6,23,1020,1172.669328596205,51,315
7,23,682,1276.0294045468365,56,277
8,23,1567,1278.4079821545406,56,401
9,23,1084,1104.0000000000002,48,272
10,23,1851,1403.2040988383083,63,952
1,26,490,1088.3264438937645,42,221
2,26,437,1244.4734313394456,48,159
3,26,797,1239.4329607515997,48,395
4,26,501,1222.0,47,269
5,26,821,1351.6669330633215,53,222
6,26,554,1092.0000000000002,42,134
7,26,682,1096.8997689991286,43,271
8,26,1358,1210.148241489353,47,512
9,26,988,1122.8995482012915,44,170
10,26,723,1105.1859660791433,43,267
1,29,490,1133.1709680505032,40,227
2,29,437,1247.0000000000002,43,150
3,29,797,1362.778552998734,48,377
4,29,610,1156.651253771173,40,177
5,29,821,1365.1974333603366,48,433
6,29,804,1137.3152792921192,40,171
7,29,1016,1071.03221473551,38,159
8,29,1422,1185.1284884050613,43,384
9,29,1173,1189.0,41,184
10,29,1149,1213.404331410053,43,630
1,32,490,1128.778586503178,37,228
2,32,549,1297.5076600188056,41,232
3,32,797,1143.7333525489005,36,417
4,32,610,1124.9317664617693,36,174
5,32,741,1600.01184806906,51,391
6,32,554,1120.0,35,161
7,32,399,1279.9043986940462,40,143
8,32,1041,1198.7016216524019,38,237
9,32,974,1096.316857335725,36,171
10,32,1149,1267.1842530618255,40,615
